1.000000000 0.000000000 0.000000000 0.000000000 0.000000000 1.000000000 0.000000000 0.000000000 0.000000000 0.000000000 1.000000000 0.000000000
0.999999523 -0.000884536 0.000627409 0.000423400 0.000882707 0.999995351 0.002910598 -0.000332694 -0.000629980 -0.002910043 0.999995530 0.000142338
0.999997079 -0.001894115 0.001519749 0.000578064 0.001884830 0.999979675 0.006087470 -0.000603289 -0.001531249 -0.006084587 0.999980330 0.001035056
0.999994159 -0.002216202 0.002590570 0.000199431 0.002191739 0.999953389 0.009407921 -0.000442019 -0.002611299 -0.009402188 0.999952435 0.000495303
0.999988139 -0.002995328 0.003863901 0.000055081 0.002945501 0.999913156 0.012837335 -0.000542854 -0.003902019 -0.012825802 0.999910116 -0.000401900
0.999981284 -0.003339343 0.005136870 -0.000194431 0.003257525 0.999869049 0.015854262 -0.000238427 -0.005189140 -0.015837234 0.999861062 -0.001183541
0.999973357 -0.003846847 0.006203715 0.000729718 0.003728825 0.999813974 0.018925108 -0.001191451 -0.006275364 -0.018901467 0.999801636 0.001870041
0.999963343 -0.004169147 0.007481527 0.000370116 0.004006795 0.999759018 0.021585695 -0.001214385 -0.007569717 -0.021554926 0.999738991 0.001228751
0.999944389 -0.005692367 0.008875505 0.000250543 0.005477929 0.999697030 0.024000777 -0.001291395 -0.009009434 -0.023950828 0.999672532 0.001586464
0.999931753 -0.006091268 0.009967119 0.000802036 0.005828054 0.999639034 0.026227489 -0.001180168 -0.010123279 -0.026167616 0.999606252 0.002341347
0.999916732 -0.006232899 0.011299143 -0.000284548 0.005912534 0.999585629 0.028168073 -0.001034059 -0.011470030 -0.028098918 0.999539316 0.000585581
0.999900877 -0.006730210 0.012363267 -0.000105611 0.006361467 0.999540746 0.029626688 -0.000891942 -0.012556983 -0.029545100 0.999484599 0.000837126
0.999889731 -0.006444049 0.013384254 0.000382217 0.006029830 0.999508560 0.030761367 -0.000934244 -0.013575902 -0.030677270 0.999437094 0.001419512
0.999873221 -0.007066390 0.014270834 0.000584845 0.006621096 0.999496996 0.031012947 -0.000879879 -0.014482806 -0.030914528 0.999417126 0.002355095
0.999862134 -0.007137805 0.014995297 0.000661141 0.006667801 0.999492049 0.031162988 -0.001260411 -0.015210117 -0.031058710 0.999401867 0.002782514
0.999852002 -0.007262278 0.015593081 0.001134728 0.006771418 0.999486864 0.031304762 -0.001173939 -0.015812423 -0.031194536 0.999388278 0.003416006
0.999841809 -0.007967191 0.015907079 0.001403975 0.007465113 0.999479711 0.031376828 -0.001284855 -0.016148787 -0.031253111 0.999381065 0.004152916
0.999834657 -0.008380014 0.016141193 0.001377856 0.007860161 0.999456823 0.032005209 -0.001297486 -0.016400632 -0.031873036 0.999357402 0.004429185
0.999831676 -0.008923503 0.016027756 0.000948161 0.008392235 0.999422967 0.032913569 -0.001574501 -0.016312210 -0.032773521 0.999329746 0.003275459
0.999833763 -0.008934307 0.015896911 0.001046378 0.008389795 0.999386668 0.033995811 -0.001187096 -0.016190890 -0.033856787 0.999295533 0.004016459
0.999837101 -0.008957709 0.015665267 0.000877107 0.008398637 0.999337971 0.035397436 -0.001081096 -0.015971979 -0.035260111 0.999250531 0.003794381
0.999837458 -0.009567646 0.015278421 0.000721870 0.008999905 0.999281943 0.036805790 -0.001351435 -0.015619595 -0.036662310 0.999205649 0.004423392
0.999836564 -0.010528669 0.014699087 0.000518673 0.009964056 0.999229252 0.037970051 -0.001288321 -0.015087530 -0.037817381 0.999170840 0.003206732
0.999843121 -0.010286454 0.014415581 0.000760430 0.009711544 0.999176383 0.039399087 -0.001500901 -0.014808984 -0.039252911 0.999119520 0.003642640
0.999849975 -0.010362721 0.013878139 0.001117324 0.009793298 0.999132037 0.040487926 -0.001236016 -0.014285660 -0.040345933 0.999083638 0.004762329
0.999849856 -0.010882439 0.013482216 0.000958527 0.010317801 0.999094903 0.041264724 -0.001484518 -0.013919075 -0.041119426 0.999057293 0.004355020
0.999844730 -0.011515775 0.013338520 0.000746955 0.010948696 0.999064624 0.041834295 -0.001319533 -0.013807799 -0.041681763 0.999035478 0.003890221
0.999847054 -0.011636380 0.013055602 0.000351746 0.011068743 0.999024928 0.042739041 -0.001974716 -0.013540201 -0.042587996 0.999000967 0.002618577
0.999849379 -0.011602904 0.012903854 0.000902394 0.011033374 0.998998463 0.043364517 -0.001352156 -0.013394084 -0.043215621 0.998975992 0.004188207
0.999847889 -0.011691798 0.012943309 0.001024666 0.011107125 0.998954117 0.044357345 -0.001441706 -0.013448387 -0.044206843 0.998931825 0.004543020
0.999841332 -0.011981099 0.013181775 0.000740670 0.011373235 0.998910427 0.045260653 -0.001274524 -0.013709683 -0.045103557 0.998888195 0.003919687
0.999832630 -0.012480119 0.013378222 0.001221318 0.011849497 0.998860836 0.046223465 -0.001737050 -0.013939857 -0.046057209 0.998841524 0.004386321
0.999828279 -0.012189049 0.013960471 0.000399730 0.011518436 0.998821437 0.047149237 -0.001809430 -0.014518721 -0.046980340 0.998790324 0.002667765
0.999816835 -0.012372500 0.014599999 -0.000158376 0.011658082 0.998777211 0.048042804 -0.001649765 -0.015176555 -0.047863800 0.998738527 0.002072605
0.999794245 -0.013394922 0.015234745 -0.000306968 0.012633269 0.998717070 0.049037132 -0.001785457 -0.015872052 -0.048834570 0.998680770 0.002117434
0.999762595 -0.014246575 0.016492801 -0.000591613 0.013394639 0.998626113 0.050661091 -0.002020549 -0.017191891 -0.050428137 0.998579741 0.001675323
0.999752700 -0.014044536 0.017249135 -0.000991235 0.013152515 0.998623252 0.050781675 -0.001933553 -0.017938593 -0.050542239 0.998560786 0.001291608
