1.000000000 0.000000000 0.000000000 0.000000000 0.000000000 1.000000000 0.000000000 0.000000000 0.000000000 0.000000000 1.000000000 0.000000000
1.000000000 -0.000054408 0.000113685 -0.014548031 0.000054244 0.999998927 0.001443817 -0.012611022 -0.000113764 -0.001443811 0.999998927 1.315682054
0.999998450 -0.001643544 -0.000665103 -0.010313293 0.001644709 0.999997079 0.001754973 -0.038905710 0.000662216 -0.001756064 0.999998212 2.618768930
0.999995768 -0.002797058 -0.000680040 -0.014762487 0.002797531 0.999995828 0.000695796 -0.054142728 0.000678091 -0.000697695 0.999999464 3.931173086
0.999995291 -0.003007134 -0.000543293 -0.024053518 0.003007534 0.999995232 0.000736345 -0.072079077 0.000541076 -0.000737975 0.999999583 5.253190994
0.999993324 -0.003598069 -0.000624146 -0.024379097 0.003599110 0.999992132 0.001674715 -0.097468868 0.000618115 -0.001676950 0.999998391 6.573924541
0.999987006 -0.005082349 -0.000286003 -0.033015072 0.005083081 0.999983668 0.002618103 -0.110358119 0.000272692 -0.002619523 0.999996543 7.903172493
0.999988675 -0.004730745 -0.000462304 -0.038200196 0.004732324 0.999982774 0.003478593 -0.135071322 0.000445840 -0.003480742 0.999993801 9.240618706
0.999993443 -0.003579796 -0.000640423 -0.049393762 0.003580737 0.999992549 0.001474396 -0.150283903 0.000635140 -0.001476680 0.999998689 10.585041046
0.999998391 -0.001427146 -0.001098082 -0.046945110 0.001426722 0.999998868 -0.000385927 -0.173512027 0.001098631 0.000384360 0.999999344 11.944595337
0.999997199 0.002326193 -0.000461641 -0.076174587 -0.002326760 0.999996543 -0.001231534 -0.204273611 0.000458775 0.001232605 0.999999046 13.254008293
0.999988496 0.004749597 -0.000675792 -0.086309612 -0.004750543 0.999987721 -0.001406505 -0.226222217 0.000669103 0.001409699 0.999998808 14.593296051
0.999984145 0.005623382 -0.000220647 -0.099946760 -0.005623454 0.999984145 -0.000330240 -0.250605524 0.000218787 0.000331476 0.999999940 15.940718651
0.999994993 0.003140293 -0.000002912 -0.103318684 -0.003140275 0.999991775 0.002556814 -0.270586133 0.000010941 -0.002556793 0.999996722 17.293266296
0.999999464 -0.000956831 -0.000031492 -0.097465605 0.000956957 0.999990582 0.004233628 -0.291332006 0.000027441 -0.004233655 0.999991059 18.663015366
0.999993443 -0.003611972 -0.000084366 -0.101338319 0.003612126 0.999991655 0.001912591 -0.305043042 0.000077457 -0.001912883 0.999998152 19.998737335
0.999990165 -0.004424927 -0.000014220 -0.114347942 0.004424929 0.999990225 0.000106210 -0.323062927 0.000013750 -0.000106272 1.000000000 21.343353271
0.999997377 -0.001756864 0.001442225 -0.139109105 0.001759166 0.999997199 -0.001596028 -0.343913317 -0.001439417 0.001598560 0.999997675 22.688129425
0.999998331 0.000953510 0.001517631 -0.126390636 -0.000954065 0.999999404 0.000364963 -0.371073455 -0.001517282 -0.000366410 0.999998808 24.060483932
0.999996722 0.001517099 0.002086353 -0.130448550 -0.001525223 0.999991238 0.003898006 -0.388317823 -0.002080421 -0.003901175 0.999990225 25.439031601
0.999995649 -0.000940101 0.002825710 -0.136442259 0.000923392 0.999982119 0.005908865 -0.404072225 -0.002831215 -0.005906228 0.999978602 26.808206558
0.999981225 -0.005820010 0.001929639 -0.126539484 0.005811872 0.999974251 0.004196557 -0.425691962 -0.001954013 -0.004185263 0.999989331 28.174428940
0.999981165 -0.005700074 0.002275407 -0.136923537 0.005695775 0.999981940 0.001891813 -0.438583672 -0.002286149 -0.001878817 0.999995649 29.539936066
0.999976516 -0.006261123 0.002780338 -0.135800630 0.006263306 0.999980032 -0.000777086 -0.459178388 -0.002775418 0.000794482 0.999995828 30.918062210
0.999989510 -0.002810077 0.003628061 -0.149892509 0.002814924 0.999995112 -0.001331417 -0.483668178 -0.003624303 0.001341616 0.999992549 32.295162201
0.999990165 -0.002427007 0.003701440 -0.145597681 0.002439733 0.999991119 -0.003437578 -0.510052085 -0.003693063 0.003446575 0.999987185 33.672733307
0.999991417 -0.001686941 0.003800017 -0.147800878 0.001697519 0.999994695 -0.002782080 -0.533199966 -0.003795303 0.002788506 0.999988973 35.059165955
0.999992013 -0.001159100 0.003823983 -0.157791361 0.001165952 0.999997735 -0.001790318 -0.558353543 -0.003821900 0.001794763 0.999991059 36.449764252
0.999994040 0.000159381 0.003455531 -0.162092119 -0.000159194 1.000000000 -0.000054171 -0.583500862 -0.003455540 0.000053620 0.999993980 37.857696533
0.999990284 0.002757123 0.003443926 -0.164896801 -0.002758453 0.999996066 0.000381462 -0.611953616 -0.003442861 -0.000390958 0.999993920 39.255195618
0.999977529 0.005392111 0.003972968 -0.177205831 -0.005391815 0.999985456 -0.000085145 -0.632281303 -0.003973369 0.000063722 0.999992013 40.647506714
0.999966264 0.007298855 0.003773854 -0.177342281 -0.007299753 0.999973357 0.000224144 -0.652227044 -0.003772117 -0.000251684 0.999992847 42.058891296
0.999961376 0.008135848 0.003341131 -0.181445792 -0.008136541 0.999966919 0.000193685 -0.673169434 -0.003339444 -0.000220863 0.999994457 43.463661194
0.999969840 0.007166677 0.002972557 -0.184151351 -0.007167383 0.999974251 0.000226689 -0.701362491 -0.002970855 -0.000247987 0.999995530 44.869422913
0.999976456 0.006415576 0.002432916 -0.189120770 -0.006414964 0.999979436 -0.000259351 -0.721780837 -0.002434530 0.000243737 0.999996960 46.268390656
0.999985099 0.005310422 0.001250039 -0.187572807 -0.005310531 0.999985814 0.000083482 -0.746415555 -0.001249578 -0.000090119 0.999999225 47.678150177
0.999983251 0.005766393 0.000190813 -0.192282438 -0.005766613 0.999982655 0.001170529 -0.766873956 -0.000184060 -0.001171610 0.999999344 49.102157593
0.999981105 0.006059697 -0.000949106 -0.199374422 -0.006058764 0.999981105 0.000983620 -0.792319596 0.000955048 -0.000977851 0.999999046 50.516330719
0.999977112 0.006432637 -0.002079371 -0.214939743 -0.006429759 0.999978304 0.001387682 -0.811463594 0.002088252 -0.001374281 0.999996781 51.931259155
0.999975801 0.006308616 -0.002925400 -0.232570857 -0.006301439 0.999977112 0.002455894 -0.835530758 0.002940826 -0.002437401 0.999992728 53.341053009
0.999980748 0.005125403 -0.003487783 -0.244503677 -0.005113504 0.999981105 0.003411775 -0.854610920 0.003505204 -0.003393874 0.999988139 54.779655457
0.999986947 0.002922875 -0.004192845 -0.254810393 -0.002907553 0.999989092 0.003655663 -0.876298785 0.004203486 -0.003643425 0.999984503 56.192249298
0.999989271 0.000674956 -0.004587052 -0.268285811 -0.000660595 0.999994874 0.003131512 -0.894529343 0.004589142 -0.003128449 0.999984503 57.611011505
0.999989033 -0.000776159 -0.004612348 -0.282572359 0.000792093 0.999993682 0.003453714 -0.918773770 0.004609638 -0.003457329 0.999983370 59.015502930
0.999989629 -0.001869033 -0.004149438 -0.293189019 0.001885641 0.999990165 0.004002186 -0.934859991 0.004141917 -0.004009969 0.999983370 60.442436218
0.999988019 -0.003229391 -0.003673519 -0.303576589 0.003247763 0.999982178 0.005006393 -0.959352076 0.003657286 -0.005018264 0.999980748 61.861965179
0.999984801 -0.004727231 -0.002822647 -0.322511673 0.004741118 0.999976575 0.004933711 -0.983531713 0.002799258 -0.004947018 0.999983907 63.258094788
0.999972701 -0.006957502 -0.002493581 -0.324784964 0.006967403 0.999967813 0.003984706 -1.003811002 0.002465778 -0.004001972 0.999988914 64.681159973
0.999975741 -0.006611312 -0.002173293 -0.325593799 0.006619114 0.999971688 0.003602829 -1.022324800 0.002149412 -0.003617128 0.999991179 66.099624634
0.999986410 -0.005034088 -0.001337078 -0.335330337 0.005038820 0.999980986 0.003560016 -1.043597221 0.001319130 -0.003566705 0.999992788 67.508537292
0.999997854 -0.001984920 -0.000381863 -0.355663806 0.001986780 0.999985874 0.004932195 -1.062963724 0.000372068 -0.004932944 0.999987721 68.912025452
0.999999702 0.000742884 -0.000274927 -0.351327091 -0.000741174 0.999980688 0.006168485 -1.082936764 0.000279504 -0.006168279 0.999980927 70.337493896
0.999987304 0.004998385 0.000762404 -0.370137602 -0.005003286 0.999965906 0.006568051 -1.097061872 -0.000729549 -0.006571782 0.999978065 71.748771667
0.999953568 0.009570574 0.001214583 -0.385247141 -0.009577899 0.999935031 0.006175979 -1.116225243 -0.001155397 -0.006187324 0.999980211 73.146713257
0.999916136 0.012782400 0.002098592 -0.405048400 -0.012793638 0.999903381 0.005431028 -1.131482959 -0.002028968 -0.005457421 0.999983013 74.534088135
0.999900043 0.013910322 0.002534403 -0.399847507 -0.013924239 0.999887526 0.005559192 -1.151574135 -0.002456788 -0.005593925 0.999981344 75.931686401
0.999900937 0.013847717 0.002520371 -0.398692727 -0.013862359 0.999886513 0.005887702 -1.164056301 -0.002438553 -0.005922056 0.999979496 77.348991394
0.999905050 0.013398155 0.003228724 -0.419228733 -0.013415901 0.999894619 0.005538647 -1.194242358 -0.003154176 -0.005581437 0.999979436 78.706695557
0.999925435 0.011796041 0.003171978 -0.427357346 -0.011811542 0.999918163 0.004913674 -1.210927844 -0.003113756 -0.004950773 0.999982834 80.087646484
0.999928772 0.011610697 0.002765949 -0.425134420 -0.011623500 0.999921620 0.004658822 -1.233436465 -0.002711640 -0.004690640 0.999985278 81.464492798
0.999933839 0.011273514 0.002287376 -0.422776341 -0.011284642 0.999924242 0.004911095 -1.252341270 -0.002231838 -0.004936581 0.999985337 82.852516174
0.999943316 0.010530890 0.001553202 -0.421472311 -0.010537587 0.999934912 0.004367217 -1.267551661 -0.001507110 -0.004383337 0.999989271 84.228958130
0.999941111 0.010801321 0.001074739 -0.438695580 -0.010806255 0.999930501 0.004695303 -1.278647780 -0.001023948 -0.004706639 0.999988377 85.604553223
0.999947608 0.010232136 -0.000152410 -0.431639969 -0.010231152 0.999932826 0.005447013 -1.300584912 0.000208134 -0.005445167 0.999985158 86.956314087
0.999964595 0.008341576 -0.001036868 -0.446623892 -0.008334505 0.999943197 0.006645301 -1.328288794 0.001092242 -0.006636424 0.999977350 88.351493835
0.999978185 0.006214891 -0.002224595 -0.464350551 -0.006198683 0.999954700 0.007220093 -1.339799643 0.002269367 -0.007206147 0.999971449 89.721351624
0.999987304 0.003787380 -0.003314894 -0.453629673 -0.003762949 0.999965966 0.007345365 -1.366140366 0.003342601 -0.007332799 0.999967515 91.095458984
0.999987960 0.002885467 -0.003961792 -0.464501619 -0.002859019 0.999973714 0.006665166 -1.380974293 0.003980920 -0.006653760 0.999969959 92.464157104
0.999990761 0.001945874 -0.003838591 -0.474474400 -0.001921861 0.999978602 0.006249083 -1.396732330 0.003850669 -0.006241648 0.999973059 93.801284790
0.999988675 0.002116597 -0.004254645 -0.484881103 -0.002092924 0.999982238 0.005560504 -1.412486315 0.004266339 -0.005551537 0.999975502 95.171585083
0.999990165 0.002035606 -0.003975686 -0.496889770 -0.002015775 0.999985516 0.004985791 -1.430908203 0.003985778 -0.004977727 0.999979675 96.534660339
0.999988019 0.002806820 -0.004037326 -0.511729360 -0.002789239 0.999986589 0.004353527 -1.451301098 0.004049492 -0.004342213 0.999982417 97.874511719
0.999983430 0.004423414 -0.003660176 -0.520694017 -0.004407282 0.999980569 0.004403553 -1.466682434 0.003679583 -0.004387349 0.999983609 99.225570679
0.999982357 0.004832922 -0.003446860 -0.533206642 -0.004811903 0.999969900 0.006080497 -1.486405134 0.003476143 -0.006063804 0.999975562 100.570335388
0.999974251 0.006368219 -0.003302510 -0.549863577 -0.006344395 0.999954164 0.007174683 -1.502352476 0.003348049 -0.007153546 0.999968827 101.902183533
0.999980748 0.005470571 -0.002921958 -0.563187659 -0.005454097 0.999969363 0.005617071 -1.515738726 0.002952597 -0.005601027 0.999980032 103.234565735
0.999976993 0.006157631 -0.002850671 -0.578188002 -0.006148197 0.999975622 0.003306340 -1.536923051 0.002870961 -0.003288737 0.999990463 104.538414001
0.999980509 0.005300849 -0.003293650 -0.581806660 -0.005293769 0.999983668 0.002154432 -1.553439736 0.003305016 -0.002136954 0.999992311 105.893295288
0.999992132 0.002647887 -0.002962169 -0.595420599 -0.002637301 0.999990165 0.003571503 -1.580902338 0.002971597 -0.003563662 0.999989212 107.198623657
0.999997616 0.000256326 -0.002172262 -0.609647751 -0.000244049 0.999984026 0.005649951 -1.599405527 0.002173676 -0.005649407 0.999981642 108.535820007
0.999998331 -0.001057483 -0.001477158 -0.611216366 0.001066408 0.999981105 0.006054522 -1.615787983 0.001470727 -0.006056087 0.999980569 109.864341736
0.999997675 -0.001992337 -0.000788118 -0.616569042 0.001996203 0.999985814 0.004935119 -1.635611296 0.000778274 -0.004936681 0.999987543 111.182693481
1.000000000 -0.000076527 0.000107052 -0.630418539 0.000076258 0.999996841 0.002511559 -1.652878642 -0.000107244 -0.002511551 0.999996841 112.517135620
0.999996185 0.002221095 0.001631238 -0.642201066 -0.002221653 0.999997437 0.000340273 -1.670981407 -0.001630478 -0.000343896 0.999998629 113.853637695
0.999981523 0.005462978 0.002666655 -0.648905993 -0.005463916 0.999985039 0.000344114 -1.690600157 -0.002664736 -0.000358678 0.999996364 115.173027039
0.999968112 0.006817256 0.004149703 -0.657458305 -0.006825197 0.999974906 0.001902568 -1.707385540 -0.004136629 -0.001930830 0.999989569 116.516609192
0.999965191 0.006360411 0.005395934 -0.657807648 -0.006385576 0.999968767 0.004659262 -1.734984159 -0.005366130 -0.004693558 0.999974608 117.835914612
0.999964118 0.005730863 0.006237380 -0.657841027 -0.005763229 0.999969959 0.005183435 -1.750496387 -0.006207488 -0.005219196 0.999967158 119.173568726
0.999951541 0.006629128 0.007278707 -0.655992627 -0.006659493 0.999969125 0.004155494 -1.759336472 -0.007250936 -0.004203766 0.999964833 120.507743835
0.999930799 0.008344499 0.008292230 -0.648387790 -0.008375034 0.999958158 0.003654391 -1.776017666 -0.008261390 -0.003723585 0.999958873 121.851905823
0.999896526 0.010524528 0.009808119 -0.653799653 -0.010556561 0.999939024 0.003220007 -1.793559432 -0.009773631 -0.003323213 0.999946713 123.175132751
0.999878943 0.011127945 0.010871183 -0.649334669 -0.011152111 0.999935508 0.002164949 -1.809480786 -0.010846389 -0.002285923 0.999938607 124.522598267
0.999854505 0.012339126 0.011773163 -0.640726805 -0.012357918 0.999922454 0.001524598 -1.836143136 -0.011753439 -0.001669868 0.999929488 125.856155396
0.999854803 0.011355123 0.012708591 -0.633144259 -0.011371635 0.999934554 0.001227710 -1.851083159 -0.012693821 -0.001372049 0.999918520 127.206024170
0.999851704 0.010715694 0.013482219 -0.617025137 -0.010750979 0.999939084 0.002547537 -1.878067374 -0.013454099 -0.002692106 0.999905825 128.542953491
0.999847829 0.009743120 0.014466474 -0.609028459 -0.009789747 0.999947131 0.003155940 -1.897244096 -0.014434958 -0.003297083 0.999890327 129.859924316
0.999845445 0.009169378 0.014994809 -0.600132942 -0.009224392 0.999950886 0.003603764 -1.914471626 -0.014961029 -0.003741525 0.999881089 131.235565186
0.999862313 0.007065904 0.015008057 -0.584525228 -0.007116958 0.999969006 0.003351073 -1.925084114 -0.014983914 -0.003457424 0.999881744 132.588150024
0.999879718 0.005228330 0.014601693 -0.568199635 -0.005293976 0.999976039 0.004460668 -1.950735807 -0.014578020 -0.004537432 0.999883413 133.933502197
0.999892712 0.003858684 0.014130863 -0.559738278 -0.003916057 0.999984205 0.004034712 -1.966239691 -0.014115071 -0.004089616 0.999891996 135.279342651
0.999911427 0.002688151 0.013035852 -0.551451802 -0.002737477 0.999989152 0.003767480 -1.981881976 -0.013025583 -0.003802832 0.999907970 136.615936279
0.999931455 0.000861686 0.011677158 -0.526587367 -0.000917214 0.999988258 0.004750743 -2.000163078 -0.011672928 -0.004761128 0.999920547 137.970245361
0.999942303 -0.000574747 0.010727832 -0.519407272 0.000521351 0.999987483 0.004979385 -2.018319130 -0.010730559 -0.004973506 0.999930084 139.315475464
0.999956965 -0.000672579 0.009251674 -0.506587386 0.000628823 0.999988616 0.004731633 -2.035849571 -0.009254751 -0.004725612 0.999945939 140.664382935
0.999964654 -0.001517589 0.008263539 -0.504911780 0.001482452 0.999989867 0.004256449 -2.054792881 -0.008269913 -0.004244047 0.999956787 142.004226685
0.999974072 -0.001036172 0.007120552 -0.498019576 0.001006696 0.999990940 0.004141885 -2.077326775 -0.007124779 -0.004134610 0.999966085 143.332839966
0.999974728 -0.003595112 0.006134065 -0.500379503 0.003584449 0.999992073 0.001748399 -2.094799519 -0.006140302 -0.001726367 0.999979734 144.664901733
0.999941885 -0.009553984 0.004989028 -0.478558958 0.009548061 0.999953687 0.001210337 -2.114286900 -0.005000360 -0.001162631 0.999986827 146.034591675
0.999857485 -0.016286429 0.004433967 -0.480670750 0.016270988 0.999861479 0.003496593 -2.129882336 -0.004490299 -0.003423950 0.999984086 147.377777100
0.999708772 -0.024006819 0.002463226 -0.462686956 0.023993844 0.999698699 0.005169401 -2.155006409 -0.002586585 -0.005108793 0.999983609 148.730667114
0.999621153 -0.027499948 0.001146077 -0.446055889 0.027497983 0.999620438 0.001698751 -2.169670105 -0.001192358 -0.001666593 0.999997854 150.088119507
0.999638677 -0.026815150 0.001865978 -0.455332100 0.026817733 0.999639392 -0.001373608 -2.196727991 -0.001828472 0.001423152 0.999997318 151.415298462
0.999725938 -0.023245912 0.002783710 -0.465948641 0.023255222 0.999723971 -0.003361280 -2.222602844 -0.002704805 0.003425095 0.999990463 152.744888306
0.999709666 -0.023847247 0.003451518 -0.462796926 0.023858229 0.999710262 -0.003175594 -2.254358292 -0.003374789 0.003257019 0.999988973 154.106170654
0.999629676 -0.026896341 0.004148904 -0.464423537 0.026895246 0.999638200 0.000319897 -2.279765844 -0.004156007 -0.000208193 0.999991357 155.454299927
0.999464214 -0.032439027 0.004364215 -0.444702625 0.032424979 0.999468863 0.003253797 -2.303963900 -0.004467449 -0.003110544 0.999985099 156.822189331
0.999335527 -0.036190573 0.004330024 -0.440270424 0.036171064 0.999335468 0.004502786 -2.319206715 -0.004490105 -0.004343173 0.999980450 158.154586792
0.999282300 -0.037614860 0.004455648 -0.430566311 0.037595578 0.999283612 0.004337380 -2.339051962 -0.004615606 -0.004166755 0.999980688 159.516510010
0.999346137 -0.035722144 0.005586262 -0.436949611 0.035693847 0.999349892 0.005084561 -2.355695009 -0.005764262 -0.004881841 0.999971449 160.851013184
0.999484479 -0.031447884 0.006460382 -0.426980853 0.031422861 0.999498367 0.003939894 -2.370405912 -0.006581043 -0.003734860 0.999971390 162.222503662
0.999566734 -0.028448308 0.007543406 -0.435634613 0.028432252 0.999593258 0.002226942 -2.392296791 -0.007603690 -0.002011502 0.999969065 163.544036865
0.999636233 -0.025638087 0.008364921 -0.431208372 0.025625877 0.999670446 0.001563284 -2.409190893 -0.008402243 -0.001348357 0.999963760 164.894378662
0.999690354 -0.023278799 0.008781875 -0.433313727 0.023256375 0.999726057 0.002646907 -2.430719852 -0.008841085 -0.002441853 0.999957919 166.255020142
0.999731243 -0.021701133 0.008151477 -0.418526053 0.021683499 0.999762356 0.002245323 -2.453246355 -0.008198267 -0.002067967 0.999964297 167.629547119
0.999779642 -0.019417031 0.007973141 -0.419305205 0.019420469 0.999811351 -0.000353352 -2.469653606 -0.007964775 0.000508117 0.999968171 168.984329224
0.999851525 -0.015456250 0.007617133 -0.423407674 0.015480150 0.999875367 -0.003088493 -2.493892670 -0.007568448 0.003205949 0.999966204 170.335739136
0.999917924 -0.010374260 0.007521145 -0.422548175 0.010406489 0.999936759 -0.004258446 -2.521552563 -0.007476491 0.004336365 0.999962628 171.708160400
0.999950647 -0.005957221 0.007950300 -0.430774927 0.005981851 0.999977291 -0.003077603 -2.546171188 -0.007931787 0.003125008 0.999963641 173.067901611
0.999959588 -0.002932929 0.008499046 -0.430991411 0.002942693 0.999995053 -0.001136469 -2.570622683 -0.008495671 0.001161433 0.999963224 174.434661865
0.999961555 -0.001783931 0.008586559 -0.432855844 0.001777354 0.999998152 0.000773512 -2.588517666 -0.008587921 -0.000758221 0.999962866 175.807312012
0.999955356 -0.005548948 0.007660288 -0.421601415 0.005533071 0.999982476 0.002092263 -2.612643480 -0.007671765 -0.002049784 0.999968469 177.184738159
0.999956131 -0.007241542 0.005938005 -0.413164973 0.007230878 0.999972105 0.001815443 -2.625681400 -0.005950988 -0.001772426 0.999980748 178.574493408
0.999957263 -0.008317489 0.004032674 -0.413715482 0.008326042 0.999963105 -0.002108705 -2.655647278 -0.004014987 0.002142192 0.999989569 179.950546265
0.999976218 -0.006477167 0.002368602 -0.410340279 0.006492503 0.999957681 -0.006525538 -2.677764893 -0.002326236 0.006540761 0.999975860 181.346313477
0.999997497 -0.001432182 0.001720035 -0.424043447 0.001444369 0.999973714 -0.007104949 -2.710892439 -0.001709814 0.007107416 0.999973238 182.746444702
0.999996901 0.001919158 0.001594566 -0.433924943 -0.001909390 0.999979556 -0.006105537 -2.741884708 -0.001606251 0.006102473 0.999980092 184.145263672
0.999989986 0.003979765 0.002027209 -0.447064310 -0.003974659 0.999988914 -0.002516191 -2.772432089 -0.002037201 0.002508109 0.999994695 185.539474487
0.999986589 0.004651529 0.002271708 -0.451876640 -0.004650922 0.999989152 -0.000272810 -2.800736427 -0.002272953 0.000262241 0.999997318 186.942749023
0.999990225 0.003871359 0.002148419 -0.451045036 -0.003872091 0.999992490 0.000337086 -2.813507080 -0.002147098 -0.000345402 0.999997556 188.375411987
0.999994159 0.002436071 0.002406918 -0.460345268 -0.002438320 0.999996543 0.000932001 -2.836694717 -0.002404639 -0.000937864 0.999996603 189.770919800
0.999996722 -0.000286671 0.002541824 -0.463443249 0.000282445 0.999998569 0.001662350 -2.859676361 -0.002542298 -0.001661627 0.999995351 191.208206177
0.999992669 -0.002672678 0.002746084 -0.457782626 0.002668472 0.999995291 0.001534220 -2.881468058 -0.002750172 -0.001526881 0.999995053 192.608200073
0.999976754 -0.006079501 0.003096742 -0.456459343 0.006071539 0.999978244 0.002574060 -2.900282621 -0.003112324 -0.002555198 0.999991894 194.030715942
0.999938846 -0.010459728 0.003569135 -0.453771830 0.010444662 0.999936521 0.004214738 -2.921299458 -0.003612994 -0.004177202 0.999984682 195.471008301
0.999908149 -0.012968638 0.003925001 -0.453301907 0.012952956 0.999908149 0.003994948 -2.936813593 -0.003976449 -0.003943741 0.999984264 196.899063110
0.999928892 -0.011160225 0.004195190 -0.446436465 0.011161102 0.999937713 -0.000186073 -2.962826014 -0.004192852 0.000232883 0.999991119 198.327697754
0.999983311 -0.003757638 0.004379706 -0.453614771 0.003780188 0.999979556 -0.005152251 -2.985311031 -0.004360256 0.005168722 0.999977112 199.745620728
0.999965608 0.005611734 0.006099958 -0.474404216 -0.005579374 0.999970257 -0.005309097 -3.017334461 -0.006129570 0.005274880 0.999967217 201.212310791
0.999890149 0.013061461 0.007004450 -0.487786293 -0.013050210 0.999913454 -0.001649807 -3.042009830 -0.007025391 0.001558216 0.999974012 202.640258789
0.999871254 0.013892074 0.008030039 -0.488656402 -0.013898260 0.999903083 0.000714935 -3.070894718 -0.008019330 -0.000826446 0.999967515 204.082199097
0.999902010 0.011808256 0.007520106 -0.479853392 -0.011815807 0.999929667 0.000960615 -3.087222338 -0.007508235 -0.001049377 0.999971271 205.533966064
0.999946058 0.008377126 0.006135473 -0.469398737 -0.008383846 0.999964237 0.001070275 -3.112816811 -0.006126287 -0.001121656 0.999980569 206.978790283
0.999962568 0.006768795 0.005375790 -0.471369982 -0.006771595 0.999976993 0.000502586 -3.130749226 -0.005372263 -0.000538970 0.999985397 208.428787231
0.999961734 0.007355041 0.004744800 -0.464606941 -0.007353920 0.999972939 -0.000253814 -3.151961803 -0.004746538 0.000218911 0.999988735 209.910598755
0.999952614 0.008421438 0.004875941 -0.474592805 -0.008422930 0.999964416 0.000285491 -3.185172319 -0.004873365 -0.000326547 0.999988079 211.336059570
0.999947011 0.009149416 0.004722614 -0.473709583 -0.009155326 0.999957204 0.001231283 -3.209730625 -0.004711146 -0.001274455 0.999988139 212.796173096
0.999948740 0.009128929 0.004372751 -0.475410163 -0.009131656 0.999958217 0.000604193 -3.229672909 -0.004367054 -0.000644092 0.999990284 214.265823364
0.999953508 0.008715834 0.004121933 -0.477570295 -0.008714286 0.999961913 -0.000393628 -3.257831573 -0.004125207 0.000357690 0.999991477 215.738235474
0.999961913 0.007930781 0.003639367 -0.473204374 -0.007927826 0.999968171 -0.000825294 -3.274181604 -0.003645796 0.000796411 0.999993026 217.196807861
0.999958575 0.008428712 0.003437344 -0.479079008 -0.008425363 0.999963999 -0.000988086 -3.298036575 -0.003445549 0.000959084 0.999993622 218.667709351
0.999958098 0.008587813 0.003177152 -0.481072307 -0.008584217 0.999962449 -0.001143517 -3.322737217 -0.003186853 0.001116196 0.999994278 220.154479980
0.999957800 0.008654500 0.003085549 -0.490684807 -0.008650456 0.999961674 -0.001322230 -3.349352837 -0.003096874 0.001295483 0.999994338 221.635772705
0.999953210 0.009331816 0.002516381 -0.489538670 -0.009328480 0.999955595 -0.001333624 -3.382463217 -0.002528714 0.001310088 0.999995947 223.120880127
0.999954164 0.009273578 0.002379223 -0.498551488 -0.009270276 0.999956012 -0.001395569 -3.406577349 -0.002392060 0.001373449 0.999996185 224.597518921
0.999953270 0.009517427 0.001699297 -0.492399067 -0.009514811 0.999953508 -0.001541715 -3.430397511 -0.001713891 0.001525474 0.999997377 226.119369507
0.999960244 0.008752019 0.001682342 -0.496887296 -0.008749050 0.999960184 -0.001764699 -3.452836275 -0.001697720 0.001749910 0.999997079 227.617568970
0.999970973 0.007439265 0.001663877 -0.501966357 -0.007436287 0.999970734 -0.001787948 -3.484636784 -0.001677130 0.001775523 0.999996960 229.122344971
0.999977291 0.006403488 0.002089313 -0.515236497 -0.006400626 0.999978602 -0.001373795 -3.513794422 -0.002098065 0.001360391 0.999996841 230.621078491
0.999985933 0.004912181 0.001986343 -0.511822939 -0.004910756 0.999987662 -0.000721520 -3.536209345 -0.001989863 0.000711755 0.999997795 232.141876221
0.999985278 0.005088008 0.001865180 -0.513883233 -0.005086996 0.999986827 -0.000547954 -3.559754848 -0.001867944 0.000538458 0.999998152 233.648330688
0.999983907 0.005222421 0.002192827 -0.525306165 -0.005220637 0.999986053 -0.000818321 -3.592094421 -0.002197070 0.000806860 0.999997258 235.160064697
0.999980092 0.005865360 0.002376472 -0.525682330 -0.005862305 0.999981999 -0.001290300 -3.620166779 -0.002383997 0.001276343 0.999996364 236.670211792
0.999970675 0.007080551 0.002897605 -0.532085657 -0.007078275 0.999974668 -0.000795353 -3.643810034 -0.002903163 0.000774820 0.999995530 238.176376343
0.999963641 0.007642606 0.003781772 -0.539943516 -0.007647239 0.999970019 0.001211594 -3.665040016 -0.003772399 -0.001240470 0.999992132 239.713775635
0.999959648 0.007821994 0.004418193 -0.545868754 -0.007828719 0.999968231 0.001506529 -3.685647011 -0.004406269 -0.001541057 0.999989152 241.222656250
0.999954998 0.007941449 0.005185413 -0.545501590 -0.007941914 0.999968410 0.000068516 -3.707419872 -0.005184705 -0.000109695 0.999986529 242.727615356
0.999948084 0.008493235 0.005631458 -0.540211678 -0.008484709 0.999962866 -0.001536378 -3.728474617 -0.005644297 0.001488517 0.999982893 244.247665405
0.999943912 0.008636676 0.006121217 -0.540590405 -0.008632761 0.999962568 -0.000665462 -3.754991055 -0.006126734 0.000612582 0.999980986 245.777954102
0.999957144 0.007631580 0.005225008 -0.520428658 -0.007633990 0.999970794 0.000441638 -3.783269405 -0.005221485 -0.000481507 0.999986172 247.337265015
0.999944687 0.008772762 0.005811946 -0.535054922 -0.008774536 0.999961436 0.000279557 -3.804939508 -0.005809269 -0.000330539 0.999983072 248.861083984
0.999946952 0.008506721 0.005799973 -0.533197522 -0.008514677 0.999962926 0.001348503 -3.840684652 -0.005788286 -0.001397816 0.999982238 250.386947632
0.999927878 0.010292454 0.006185222 -0.533319235 -0.010301656 0.999945879 0.001458104 -3.860006809 -0.006169881 -0.001521717 0.999979734 251.938629150
0.999906003 0.011989995 0.006643174 -0.534343600 -0.011996835 0.999927521 0.000990932 -3.876564264 -0.006630810 -0.001070536 0.999977410 253.486694336
0.999897897 0.012468034 0.006985812 -0.535449624 -0.012477730 0.999921322 0.001345861 -3.898119450 -0.006968481 -0.001432891 0.999974608 255.041976929
0.999918878 0.010676323 0.006938727 -0.538052797 -0.010688608 0.999941349 0.001735752 -3.924163103 -0.006919789 -0.001809777 0.999974489 256.586303711
0.999938071 0.009250324 0.006193324 -0.525369406 -0.009263712 0.999954820 0.002136456 -3.944197416 -0.006173282 -0.002193697 0.999978542 258.120697021
0.999950528 0.007231653 0.006834284 -0.523383856 -0.007246269 0.999971449 0.002116187 -3.957043648 -0.006818787 -0.002165605 0.999974489 259.671325684
0.999960303 0.005830311 0.006734815 -0.518630266 -0.005841831 0.999981582 0.001692156 -3.983378887 -0.006724825 -0.001731433 0.999975920 261.202514648
0.999970198 0.004653222 0.006160548 -0.512323856 -0.004657549 0.999988914 0.000688191 -4.006715298 -0.006157277 -0.000716863 0.999980748 262.756011963
0.999968708 0.002443369 0.007516667 -0.527096272 -0.002463864 0.999993265 0.002718694 -4.033601284 -0.007509973 -0.002737129 0.999968112 264.288085938
0.999971330 -0.000018227 0.007562737 -0.517446280 -0.000022554 0.999985516 0.005392262 -4.065658092 -0.007562725 -0.005392278 0.999956906 265.840728760
0.999973834 -0.000651463 0.007200502 -0.509165525 0.000624501 0.999992788 0.003746076 -4.075199127 -0.007202890 -0.003741482 0.999966979 267.376739502
0.999974132 -0.000875376 0.007145591 -0.494548917 0.000857608 0.999996603 0.002489353 -4.090714455 -0.007147746 -0.002483159 0.999971449 268.930114746
0.999974251 -0.000354507 0.007167636 -0.486233234 0.000341280 0.999998271 0.001846499 -4.111641884 -0.007168279 -0.001844006 0.999972641 270.472686768
0.999963939 0.001427399 0.008363778 -0.492114544 -0.001445040 0.999996781 0.002103607 -4.139361382 -0.008360748 -0.002115617 0.999962866 271.995910645
0.999946475 0.002879442 0.009945057 -0.497538567 -0.002898077 0.999994159 0.001859781 -4.161887169 -0.009939644 -0.001888503 0.999948800 273.525299072
0.999923170 0.003708111 0.011829208 -0.497283459 -0.003733471 0.999990821 0.002122488 -4.190655708 -0.011821227 -0.002166488 0.999927819 275.071289062
0.999907255 0.004927593 0.012692508 -0.486259937 -0.004942041 0.999987245 0.001107227 -4.210968018 -0.012686890 -0.001169851 0.999918878 276.608245850
0.999907613 0.005334701 0.012503760 -0.470419645 -0.005335977 0.999985814 0.000068709 -4.234110355 -0.012503215 -0.000135422 0.999921858 278.174133301
0.999884546 0.005156824 0.014298101 -0.467938423 -0.005149077 0.999986589 -0.000578671 -4.257826328 -0.014300892 0.000504982 0.999897599 279.739105225
0.999858260 0.004980098 0.016092511 -0.462646008 -0.004961013 0.999987066 -0.001225714 -4.282559872 -0.016098404 0.001145705 0.999869823 281.304077148
0.999858260 0.004980098 0.016092511 -0.462646008 -0.004961013 0.999987066 -0.001225714 -4.282559872 -0.016098404 0.001145705 0.999869823 281.304077148
0.999858260 0.004980098 0.016092511 -0.462646008 -0.004961013 0.999987066 -0.001225714 -4.282559872 -0.016098404 0.001145705 0.999869823 281.304077148
0.999858260 0.004980098 0.016092511 -0.462646008 -0.004961013 0.999987066 -0.001225714 -4.282559872 -0.016098404 0.001145705 0.999869823 281.304077148
0.999858260 0.004980098 0.016092511 -0.462646008 -0.004961013 0.999987066 -0.001225714 -4.282559872 -0.016098404 0.001145705 0.999869823 281.304077148
0.999858260 0.004980098 0.016092511 -0.462646008 -0.004961013 0.999987066 -0.001225714 -4.282559872 -0.016098404 0.001145705 0.999869823 281.304077148
0.999858260 0.004980098 0.016092511 -0.462646008 -0.004961013 0.999987066 -0.001225714 -4.282559872 -0.016098404 0.001145705 0.999869823 281.304077148
0.999858260 0.004980098 0.016092511 -0.462646008 -0.004961013 0.999987066 -0.001225714 -4.282559872 -0.016098404 0.001145705 0.999869823 281.304077148
0.999858260 0.004980098 0.016092511 -0.462646008 -0.004961013 0.999987066 -0.001225714 -4.282559872 -0.016098404 0.001145705 0.999869823 281.304077148
0.999858260 0.004980098 0.016092511 -0.462646008 -0.004961013 0.999987066 -0.001225714 -4.282559872 -0.016098404 0.001145705 0.999869823 281.304077148
0.999858260 0.004980098 0.016092511 -0.462646008 -0.004961013 0.999987066 -0.001225714 -4.282559872 -0.016098404 0.001145705 0.999869823 281.304077148
0.999858260 0.004980098 0.016092511 -0.462646008 -0.004961013 0.999987066 -0.001225714 -4.282559872 -0.016098404 0.001145705 0.999869823 281.304077148
0.999858260 0.004980098 0.016092511 -0.462646008 -0.004961013 0.999987066 -0.001225714 -4.282559872 -0.016098404 0.001145705 0.999869823 281.304077148
0.999858260 0.004980098 0.016092511 -0.462646008 -0.004961013 0.999987066 -0.001225714 -4.282559872 -0.016098404 0.001145705 0.999869823 281.304077148
0.999858260 0.004980098 0.016092511 -0.462646008 -0.004961013 0.999987066 -0.001225714 -4.282559872 -0.016098404 0.001145705 0.999869823 281.304077148
0.999858260 0.004980098 0.016092511 -0.462646008 -0.004961013 0.999987066 -0.001225714 -4.282559872 -0.016098404 0.001145705 0.999869823 281.304077148
0.999858260 0.004980098 0.016092511 -0.462646008 -0.004961013 0.999987066 -0.001225714 -4.282559872 -0.016098404 0.001145705 0.999869823 281.304077148
0.999858260 0.004980098 0.016092511 -0.462646008 -0.004961013 0.999987066 -0.001225714 -4.282559872 -0.016098404 0.001145705 0.999869823 281.304077148
0.999858260 0.004980098 0.016092511 -0.462646008 -0.004961013 0.999987066 -0.001225714 -4.282559872 -0.016098404 0.001145705 0.999869823 281.304077148
0.999858260 0.004980098 0.016092511 -0.462646008 -0.004961013 0.999987066 -0.001225714 -4.282559872 -0.016098404 0.001145705 0.999869823 281.304077148
0.999858260 0.004980098 0.016092511 -0.462646008 -0.004961013 0.999987066 -0.001225714 -4.282559872 -0.016098404 0.001145705 0.999869823 281.304077148
0.999858260 0.004980098 0.016092511 -0.462646008 -0.004961013 0.999987066 -0.001225714 -4.282559872 -0.016098404 0.001145705 0.999869823 281.304077148
0.999858260 0.004980098 0.016092511 -0.462646008 -0.004961013 0.999987066 -0.001225714 -4.282559872 -0.016098404 0.001145705 0.999869823 281.304077148
0.999858260 0.004980098 0.016092511 -0.462646008 -0.004961013 0.999987066 -0.001225714 -4.282559872 -0.016098404 0.001145705 0.999869823 281.304077148
0.999858260 0.004980098 0.016092511 -0.462646008 -0.004961013 0.999987066 -0.001225714 -4.282559872 -0.016098404 0.001145705 0.999869823 281.304077148
0.999858260 0.004980098 0.016092511 -0.462646008 -0.004961013 0.999987066 -0.001225714 -4.282559872 -0.016098404 0.001145705 0.999869823 281.304077148
0.999858260 0.004980098 0.016092511 -0.462646008 -0.004961013 0.999987066 -0.001225714 -4.282559872 -0.016098404 0.001145705 0.999869823 281.304077148
0.999858260 0.004980098 0.016092511 -0.462646008 -0.004961013 0.999987066 -0.001225714 -4.282559872 -0.016098404 0.001145705 0.999869823 281.304077148
0.999858260 0.004980098 0.016092511 -0.462646008 -0.004961013 0.999987066 -0.001225714 -4.282559872 -0.016098404 0.001145705 0.999869823 281.304077148
0.999858260 0.004980098 0.016092511 -0.462646008 -0.004961013 0.999987066 -0.001225714 -4.282559872 -0.016098404 0.001145705 0.999869823 281.304077148
0.999858260 0.004980098 0.016092511 -0.462646008 -0.004961013 0.999987066 -0.001225714 -4.282559872 -0.016098404 0.001145705 0.999869823 281.304077148
0.999858260 0.004980098 0.016092511 -0.462646008 -0.004961013 0.999987066 -0.001225714 -4.282559872 -0.016098404 0.001145705 0.999869823 281.304077148
0.999858260 0.004980098 0.016092511 -0.462646008 -0.004961013 0.999987066 -0.001225714 -4.282559872 -0.016098404 0.001145705 0.999869823 281.304077148
0.999858260 0.004980098 0.016092511 -0.462646008 -0.004961013 0.999987066 -0.001225714 -4.282559872 -0.016098404 0.001145705 0.999869823 281.304077148
0.999858260 0.004980098 0.016092511 -0.462646008 -0.004961013 0.999987066 -0.001225714 -4.282559872 -0.016098404 0.001145705 0.999869823 281.304077148
0.999858260 0.004980098 0.016092511 -0.462646008 -0.004961013 0.999987066 -0.001225714 -4.282559872 -0.016098404 0.001145705 0.999869823 281.304077148
0.999858260 0.004980098 0.016092511 -0.462646008 -0.004961013 0.999987066 -0.001225714 -4.282559872 -0.016098404 0.001145705 0.999869823 281.304077148
0.999858260 0.004980098 0.016092511 -0.462646008 -0.004961013 0.999987066 -0.001225714 -4.282559872 -0.016098404 0.001145705 0.999869823 281.304077148
0.999858260 0.004980098 0.016092511 -0.462646008 -0.004961013 0.999987066 -0.001225714 -4.282559872 -0.016098404 0.001145705 0.999869823 281.304077148
0.999858260 0.004980098 0.016092511 -0.462646008 -0.004961013 0.999987066 -0.001225714 -4.282559872 -0.016098404 0.001145705 0.999869823 281.304077148
0.999858260 0.004980098 0.016092511 -0.462646008 -0.004961013 0.999987066 -0.001225714 -4.282559872 -0.016098404 0.001145705 0.999869823 281.304077148
0.999858260 0.004980098 0.016092511 -0.462646008 -0.004961013 0.999987066 -0.001225714 -4.282559872 -0.016098404 0.001145705 0.999869823 281.304077148
0.999858260 0.004980098 0.016092511 -0.462646008 -0.004961013 0.999987066 -0.001225714 -4.282559872 -0.016098404 0.001145705 0.999869823 281.304077148
0.999858260 0.004980098 0.016092511 -0.462646008 -0.004961013 0.999987066 -0.001225714 -4.282559872 -0.016098404 0.001145705 0.999869823 281.304077148
0.999858260 0.004980098 0.016092511 -0.462646008 -0.004961013 0.999987066 -0.001225714 -4.282559872 -0.016098404 0.001145705 0.999869823 281.304077148
0.999858260 0.004980098 0.016092511 -0.462646008 -0.004961013 0.999987066 -0.001225714 -4.282559872 -0.016098404 0.001145705 0.999869823 281.304077148
0.999858260 0.004980098 0.016092511 -0.462646008 -0.004961013 0.999987066 -0.001225714 -4.282559872 -0.016098404 0.001145705 0.999869823 281.304077148
0.999858260 0.004980098 0.016092511 -0.462646008 -0.004961013 0.999987066 -0.001225714 -4.282559872 -0.016098404 0.001145705 0.999869823 281.304077148
0.999858260 0.004980098 0.016092511 -0.462646008 -0.004961013 0.999987066 -0.001225714 -4.282559872 -0.016098404 0.001145705 0.999869823 281.304077148
0.999858260 0.004980098 0.016092511 -0.462646008 -0.004961013 0.999987066 -0.001225714 -4.282559872 -0.016098404 0.001145705 0.999869823 281.304077148
0.999858260 0.004980098 0.016092511 -0.462646008 -0.004961013 0.999987066 -0.001225714 -4.282559872 -0.016098404 0.001145705 0.999869823 281.304077148
0.999858260 0.004980098 0.016092511 -0.462646008 -0.004961013 0.999987066 -0.001225714 -4.282559872 -0.016098404 0.001145705 0.999869823 281.304077148
0.999858260 0.004980098 0.016092511 -0.462646008 -0.004961013 0.999987066 -0.001225714 -4.282559872 -0.016098404 0.001145705 0.999869823 281.304077148
0.999858260 0.004980098 0.016092511 -0.462646008 -0.004961013 0.999987066 -0.001225714 -4.282559872 -0.016098404 0.001145705 0.999869823 281.304077148
0.999858260 0.004980098 0.016092511 -0.462646008 -0.004961013 0.999987066 -0.001225714 -4.282559872 -0.016098404 0.001145705 0.999869823 281.304077148
0.999858260 0.004980098 0.016092511 -0.462646008 -0.004961013 0.999987066 -0.001225714 -4.282559872 -0.016098404 0.001145705 0.999869823 281.304077148
0.999858260 0.004980098 0.016092511 -0.462646008 -0.004961013 0.999987066 -0.001225714 -4.282559872 -0.016098404 0.001145705 0.999869823 281.304077148
0.999858260 0.004980098 0.016092511 -0.462646008 -0.004961013 0.999987066 -0.001225714 -4.282559872 -0.016098404 0.001145705 0.999869823 281.304077148
0.999858260 0.004980098 0.016092511 -0.462646008 -0.004961013 0.999987066 -0.001225714 -4.282559872 -0.016098404 0.001145705 0.999869823 281.304077148
0.999858260 0.004980098 0.016092511 -0.462646008 -0.004961013 0.999987066 -0.001225714 -4.282559872 -0.016098404 0.001145705 0.999869823 281.304077148
0.999858260 0.004980098 0.016092511 -0.462646008 -0.004961013 0.999987066 -0.001225714 -4.282559872 -0.016098404 0.001145705 0.999869823 281.304077148
0.999858260 0.004980098 0.016092511 -0.462646008 -0.004961013 0.999987066 -0.001225714 -4.282559872 -0.016098404 0.001145705 0.999869823 281.304077148
0.999858260 0.004980098 0.016092511 -0.462646008 -0.004961013 0.999987066 -0.001225714 -4.282559872 -0.016098404 0.001145705 0.999869823 281.304077148
0.999858260 0.004980098 0.016092511 -0.462646008 -0.004961013 0.999987066 -0.001225714 -4.282559872 -0.016098404 0.001145705 0.999869823 281.304077148
0.999858260 0.004980098 0.016092511 -0.462646008 -0.004961013 0.999987066 -0.001225714 -4.282559872 -0.016098404 0.001145705 0.999869823 281.304077148
